기간	행정구역별	구분	계	0~4세	5~9세	10~14세	15~19세	20~24세	25~29세	30~34세	35~39세	40~44세	45~49세	50~54세	55~59세	60~64세	65~69세	70~74세	75~79세	80~84세	85~89세	90~94세	95~99세	100세 이상
2018.3/4	합계	계	10,068,381	338,142	374,781	387,175	489,136	703,480	820,421	765,839	843,687	764,200	885,478	789,536	823,093	678,009	470,667	369,522	288,178	162,171	73,417	27,178	8,485	5,786
2018.3/4	합계	한국인	9,793,003	329,985	368,598	383,475	481,609	664,870	789,028	735,625	820,142	744,729	859,457	758,853	791,547	665,591	467,219	368,350	287,565	161,790	73,238	27,105	8,460	5,767
2018.3/4	합계	등록외국인	275,378	8,157	6,183	3,700	7,527	38,610	31,393	30,214	23,545	19,471	26,021	30,683	31,546	12,418	3,448	1,172	613	381	179	73	25	19
2018.3/4	종로구	계	163,086	4,091	4,911	5,423	7,898	14,413	13,759	11,234	11,487	10,988	14,233	13,264	13,723	11,040	7,750	6,606	5,935	3,502	1,663	670	267	229
2018.3/4	종로구	한국인	153,396	3,930	4,748	5,315	7,270	11,265	12,492	10,433	10,792	10,464	13,656	12,706	13,113	10,757	7,647	6,580	5,919	3,491	1,653	669	267	229
2018.3/4	종로구	등록외국인	9,690	161	163	108	628	3,148	1,267	801	695	524	577	558	610	283	103	26	16	11	10	1	-	-
2018.3/4	중구	계	135,258	4,245	3,945	3,498	4,921	9,658	11,518	11,055	11,370	9,530	11,019	10,816	11,903	9,878	6,713	5,457	4,688	2,764	1,389	532	184	175
2018.3/4	중구	한국인	125,815	3,979	3,718	3,322	4,512	7,894	10,351	10,046	10,621	8,854	10,312	10,021	11,058	9,476	6,584	5,413	4,649	2,741	1,378	530	181	175
2018.3/4	중구	등록외국인	9,443	266	227	176	409	1,764	1,167	1,009	749	676	707	795	845	402	129	44	39	23	11	2	3	-
2018.3/4	용산구	계	245,087	7,900	8,395	8,178	10,244	15,124	20,296	20,761	21,840	18,879	21,740	18,818	19,413	16,056	10,975	9,089	8,034	5,179	2,472	995	361	338
2018.3/4	용산구	한국인	229,391	7,262	7,615	7,607	9,770	13,929	18,551	18,569	19,799	17,181	20,340	17,709	18,487	15,557	10,738	8,990	7,976	5,159	2,468	990	358	336
2018.3/4	용산구	등록외국인	15,696	638	780	571	474	1,195	1,745	2,192	2,041	1,698	1,400	1,109	926	499	237	99	58	20	4	5	3	2
2018.3/4	성동구	계	317,197	12,530	11,185	10,327	13,342	23,084	26,839	26,222	28,685	23,928	26,889	24,929	26,070	20,586	13,680	11,117	9,139	5,206	2,217	745	245	232
2018.3/4	성동구	한국인	309,251	12,309	11,052	10,267	13,124	21,337	25,649	25,350	28,086	23,454	26,310	24,224	25,367	20,284	13,591	11,094	9,125	5,199	2,213	744	243	229
2018.3/4	성동구	등록외국인	7,946	221	133	60	218	1,747	1,190	872	599	474	579	705	703	302	89	23	14	7	4	1	2	3
2018.3/4	광진구	계	369,999	11,547	12,361	13,068	17,292	30,116	36,260	31,532	31,070	26,866	31,539	29,267	30,333	23,546	15,301	11,999	9,222	5,146	2,279	801	268	186
2018.3/4	광진구	한국인	355,032	11,124	12,066	12,925	16,684	26,828	34,311	30,082	30,101	26,110	30,404	27,769	28,621	22,991	15,187	11,966	9,208	5,128	2,275	800	266	186
2018.3/4	광진구	등록외국인	14,967	423	295	143	608	3,288	1,949	1,450	969	756	1,135	1,498	1,712	555	114	33	14	18	4	1	2	-
2018.3/4	동대문구	계	366,101	11,490	12,107	11,827	16,294	32,255	31,372	26,001	29,084	26,008	29,762	27,574	29,714	25,517	18,100	15,032	12,473	6,946	2,894	1,041	353	257
2018.3/4	동대문구	한국인	350,556	11,257	11,952	11,731	15,369	25,994	28,661	24,707	28,327	25,450	29,107	26,867	29,006	25,213	18,001	14,994	12,456	6,927	2,888	1,039	353	257
2018.3/4	동대문구	등록외국인	15,545	233	155	96	925	6,261	2,711	1,294	757	558	655	707	708	304	99	38	17	19	6	2	-	-
2018.3/4	중랑구	계	409,058	13,257	13,681	13,305	17,929	26,978	31,752	30,196	33,393	28,516	34,655	34,851	38,197	31,077	21,119	16,326	12,696	6,749	2,866	1,022	325	168
2018.3/4	중랑구	한국인	404,313	13,070	13,544	13,219	17,835	26,579	31,146	29,561	32,890	28,168	34,173	34,335	37,729	30,875	21,063	16,311	12,692	6,746	2,863	1,021	325	168
2018.3/4	중랑구	등록외국인	4,745	187	137	86	94	399	606	635	503	348	482	516	468	202	56	15	4	3	3	1	-	-
2018.3/4	성북구	계	449,574	14,551	17,608	18,368	22,982	36,173	34,271	29,635	34,788	34,190	40,826	34,379	34,872	29,484	21,108	17,472	14,902	8,341	3,584	1,314	399	327
2018.3/4	성북구	한국인	438,031	14,339	17,458	18,269	22,263	31,475	32,357	28,558	34,142	33,751	40,364	33,958	34,490	29,302	21,038	17,440	14,882	8,331	3,576	1,314	398	326
2018.3/4	성북구	등록외국인	11,543	212	150	99	719	4,698	1,914	1,077	646	439	462	421	382	182	70	32	20	10	8	-	1	1
2018.3/4	강북구	계	324,276	8,877	10,514	10,920	14,905	21,972	23,173	20,436	24,325	23,199	28,607	26,417	28,698	24,492	18,228	15,624	13,012	6,736	2,666	937	314	224
2018.3/4	강북구	한국인	320,576	8,789	10,457	10,898	14,792	21,452	22,638	19,960	23,959	22,957	28,323	26,050	28,313	24,348	18,179	15,595	13,003	6,730	2,662	936	313	222
2018.3/4	강북구	등록외국인	3,700	88	57	22	113	520	535	476	366	242	284	367	385	144	49	29	9	6	4	1	1	2
2018.3/4	도봉구	계	342,990	10,440	12,203	12,875	17,352	23,103	23,858	21,315	25,226	23,977	30,210	28,692	31,356	26,884	17,943	14,262	11,930	6,673	3,159	1,087	303	142
2018.3/4	도봉구	한국인	340,876	10,387	12,167	12,853	17,297	22,810	23,525	21,025	24,996	23,806	30,015	28,508	31,216	26,809	17,924	14,252	11,926	6,671	3,158	1,086	303	142
2018.3/4	도봉구	등록외국인	2,114	53	36	22	55	293	333	290	230	171	195	184	140	75	19	10	4	2	1	1	-	-
2018.3/4	노원구	계	551,069	17,586	21,318	26,270	35,420	42,370	36,307	32,639	40,342	41,910	53,283	45,304	44,956	36,898	24,828	19,093	16,005	9,699	4,539	1,609	453	240
2018.3/4	노원구	한국인	546,911	17,521	21,274	26,243	35,129	41,227	35,647	32,163	40,026	41,650	53,020	45,057	44,756	36,798	24,800	19,073	15,995	9,694	4,538	1,608	453	239
2018.3/4	노원구	등록외국인	4,158	65	44	27	291	1,143	660	476	316	260	263	247	200	100	28	20	10	5	1	1	-	1
2018.3/4	은평구	계	487,849	15,790	18,221	19,048	24,492	31,313	34,986	32,887	40,182	37,621	43,864	38,280	40,428	34,094	24,301	20,325	16,750	9,244	3,865	1,389	388	381
2018.3/4	은평구	한국인	483,417	15,677	18,128	18,983	24,305	31,006	34,455	32,273	39,651	37,240	43,472	37,851	40,019	33,874	24,225	20,285	16,729	9,229	3,859	1,387	388	381
2018.3/4	은평구	등록외국인	4,432	113	93	65	187	307	531	614	531	381	392	429	409	220	76	40	21	15	6	2	-	-
2018.3/4	서대문구	계	322,497	10,380	11,122	11,284	15,364	26,998	27,776	22,496	24,710	23,090	27,550	24,890	25,504	21,055	14,850	12,884	11,402	6,708	2,809	1,050	337	238
2018.3/4	서대문구	한국인	310,584	10,246	10,965	11,103	14,728	22,996	25,491	21,462	23,999	22,584	27,038	24,435	24,968	20,698	14,680	12,780	11,346	6,662	2,789	1,043	335	236
2018.3/4	서대문구	등록외국인	11,913	134	157	181	636	4,002	2,285	1,034	711	506	512	455	536	357	170	104	56	46	20	7	2	2
2018.3/4	마포구	계	385,032	13,955	14,166	14,554	17,113	28,348	35,704	33,892	35,109	31,127	33,844	27,510	27,344	21,807	15,223	13,010	11,115	6,582	2,996	977	357	299
2018.3/4	마포구	한국인	374,106	13,761	13,999	14,393	16,706	25,621	33,635	32,633	34,191	30,506	33,256	26,890	26,764	21,480	15,075	12,946	11,079	6,564	2,982	973	354	298
2018.3/4	마포구	등록외국인	10,926	194	167	161	407	2,727	2,069	1,259	918	621	588	620	580	327	148	64	36	18	14	4	3	1
2018.3/4	양천구	계	469,945	15,036	20,497	25,050	30,440	32,185	30,736	28,839	35,538	37,428	46,810	40,321	38,837	30,786	20,825	14,769	10,748	6,355	3,131	1,102	355	157
2018.3/4	양천구	한국인	466,121	14,932	20,410	24,999	30,387	32,041	30,368	28,346	35,135	37,052	46,353	39,805	38,369	30,586	20,764	14,747	10,740	6,348	3,127	1,102	354	156
2018.3/4	양천구	등록외국인	3,824	104	87	51	53	144	368	493	403	376	457	516	468	200	61	22	8	7	4	-	1	1
2018.3/4	강서구	계	605,068	23,851	23,755	22,638	27,548	37,924	50,668	52,029	56,912	46,892	49,230	43,577	49,479	41,751	28,332	20,696	14,764	8,493	4,283	1,619	426	201
2018.3/4	강서구	한국인	598,416	23,592	23,623	22,575	27,470	37,673	49,972	51,073	56,147	46,351	48,544	42,797	48,638	41,365	28,205	20,652	14,730	8,485	4,279	1,618	426	201
2018.3/4	강서구	등록외국인	6,652	259	132	63	78	251	696	956	765	541	686	780	841	386	127	44	34	8	4	1	-	-
2018.3/4	구로구	계	439,234	16,629	17,407	15,384	18,262	25,821	32,353	33,711	38,860	34,412	38,184	36,112	39,408	31,398	21,866	16,501	12,226	6,608	2,731	934	273	154
2018.3/4	구로구	한국인	406,144	15,406	16,595	14,954	17,942	25,056	30,290	30,309	35,882	31,672	33,825	30,641	33,684	29,309	21,400	16,376	12,168	6,571	2,714	924	272	154
2018.3/4	구로구	등록외국인	33,090	1,223	812	430	320	765	2,063	3,402	2,978	2,740	4,359	5,471	5,724	2,089	466	125	58	37	17	10	1	-
2018.3/4	금천구	계	252,359	8,118	7,924	7,433	10,057	15,665	20,953	19,639	19,875	17,800	22,348	23,490	25,306	18,452	12,485	9,402	7,308	3,653	1,569	555	173	154
2018.3/4	금천구	한국인	232,760	7,314	7,373	7,224	9,931	15,382	19,820	17,634	18,221	16,139	19,557	20,085	21,825	17,342	12,219	9,342	7,278	3,638	1,560	550	173	153
2018.3/4	금천구	등록외국인	19,599	804	551	209	126	283	1,133	2,005	1,654	1,661	2,791	3,405	3,481	1,110	266	60	30	15	9	5	-	1
2018.3/4	영등포구	계	403,724	15,215	13,667	12,268	15,103	23,171	35,081	36,666	36,043	30,005	34,658	33,505	35,856	27,122	18,527	14,346	11,366	6,698	2,847	1,024	312	244
2018.3/4	영등포구	한국인	368,577	13,887	12,754	11,753	14,799	22,536	32,976	33,115	33,038	27,186	30,018	27,510	29,578	24,856	18,020	14,213	11,294	6,657	2,826	1,010	307	244
2018.3/4	영등포구	등록외국인	35,147	1,328	913	515	304	635	2,105	3,551	3,005	2,819	4,640	5,995	6,278	2,266	507	133	72	41	21	14	5	-
2018.3/4	동작구	계	407,925	13,952	14,657	13,788	17,517	31,414	37,897	33,259	34,616	30,386	32,970	29,784	32,145	26,737	19,201	15,628	12,284	6,887	3,065	1,127	348	263
2018.3/4	동작구	한국인	395,513	13,686	14,481	13,706	17,174	28,707	36,378	32,079	33,847	29,754	31,950	28,370	30,636	26,155	19,071	15,592	12,266	6,869	3,059	1,125	348	260
2018.3/4	동작구	등록외국인	12,412	266	176	82	343	2,707	1,519	1,180	769	632	1,020	1,414	1,509	582	130	36	18	18	6	2	-	3
2018.3/4	관악구	계	521,685	14,356	14,469	14,348	19,183	41,708	65,822	50,427	44,826	36,424	39,939	36,308	39,471	32,564	24,627	19,658	15,259	7,513	3,065	1,094	332	292
2018.3/4	관악구	한국인	503,956	13,751	14,086	14,153	18,935	40,498	63,795	48,304	43,288	35,222	38,135	33,920	36,823	31,571	24,398	19,591	15,231	7,491	3,053	1,087	332	292
2018.3/4	관악구	등록외국인	17,729	605	383	195	248	1,210	2,027	2,123	1,538	1,202	1,804	2,388	2,648	993	229	67	28	22	12	7	-	-
2018.3/4	서초구	계	441,539	16,201	21,930	22,960	24,688	26,814	31,731	32,238	38,762	38,619	42,719	32,815	30,562	26,613	19,112	15,175	10,208	5,771	2,807	1,238	389	187
2018.3/4	서초구	한국인	437,407	16,063	21,747	22,806	24,611	26,587	31,263	31,597	38,188	38,150	42,321	32,469	30,304	26,506	19,061	15,155	10,200	5,762	2,806	1,236	388	187
2018.3/4	서초구	등록외국인	4,132	138	183	154	77	227	468	641	574	469	398	346	258	107	51	20	8	9	1	2	1	-
2018.3/4	강남구	계	549,255	16,893	22,889	27,468	33,973	36,156	42,413	41,972	47,901	46,221	54,387	42,488	37,456	32,626	23,592	18,349	12,029	6,743	3,491	1,487	473	248
2018.3/4	강남구	한국인	544,257	16,800	22,804	27,407	33,893	35,737	41,481	41,028	47,270	45,777	54,009	42,162	37,149	32,458	23,526	18,311	12,017	6,735	3,488	1,485	473	247
2018.3/4	강남구	등록외국인	4,998	93	85	61	80	419	932	944	631	444	378	326	307	168	66	38	12	8	3	2	-	1
2018.3/4	송파구	계	673,582	25,849	28,685	29,127	34,849	43,180	52,892	55,097	61,287	53,060	58,820	51,608	53,664	45,244	30,243	21,237	14,158	8,084	4,101	1,656	499	242
2018.3/4	송파구	한국인	666,892	25,633	28,510	29,049	34,764	42,885	52,216	54,170	60,532	52,512	58,077	50,726	52,850	44,908	30,146	21,206	14,138	8,076	4,097	1,656	499	242
2018.3/4	송파구	등록외국인	6,690	216	175	78	85	295	676	927	755	548	743	882	814	336	97	31	20	8	4	-	-	-
2018.3/4	강동구	계	434,992	15,403	17,164	17,766	21,968	27,537	32,004	31,661	37,456	33,124	37,392	34,537	38,398	32,302	21,738	15,465	10,525	5,891	2,929	1,173	351	208
2018.3/4	강동구	한국인	430,705	15,270	17,072	17,721	21,919	27,355	31,560	31,148	37,014	32,739	36,878	33,988	37,784	32,073	21,677	15,446	10,518	5,886	2,927	1,172	351	207
2018.3/4	강동구	등록외국인	4,287	133	92	45	49	182	444	513	442	385	514	549	614	229	61	19	7	5	2	1	-	1