기간	자치구	합계	합계	합계	특정 감염성 및 기생충성 질환	특정 감염성 및 기생충성 질환	특정 감염성 및 기생충성 질환	신생물	신생물	신생물	혈액 및 조혈기관질환과 면역기전을 침범하는 특정장애	혈액 및 조혈기관질환과 면역기전을 침범하는 특정장애	혈액 및 조혈기관질환과 면역기전을 침범하는 특정장애	내분비 영양 및 대사 질환	내분비 영양 및 대사 질환	내분비 영양 및 대사 질환	정신 및 행동장애	정신 및 행동장애	정신 및 행동장애	신경계통의 질환	신경계통의 질환	신경계통의 질환	순환기계통의 질환	순환기계통의 질환	순환기계통의 질환	호흡기계통의 질환	호흡기계통의 질환	호흡기계통의 질환	소화기계통의 질환	소화기계통의 질환	소화기계통의 질환	피부 및 피부밑조직의 질환	피부 및 피부밑조직의 질환	피부 및 피부밑조직의 질환	근육골격계통 및 결합 조직의 질환	근육골격계통 및 결합 조직의 질환	근육골격계통 및 결합 조직의 질환	비뇨생식기계통의 질환	비뇨생식기계통의 질환	비뇨생식기계통의 질환	임신 출산 및 산후기	임신 출산 및 산후기	출생전후기에 기원한 특정병태	출생전후기에 기원한 특정병태	출생전후기에 기원한 특정병태	선천 기형 변형 및 염색체 이상	선천 기형 변형 및 염색체 이상	선천 기형 변형 및 염색체 이상	달리 분류되지 않은 증상 징후	달리 분류되지 않은 증상 징후	달리 분류되지 않은 증상 징후	질병이환 및 사망의 외인	질병이환 및 사망의 외인	질병이환 및 사망의 외인
기간	자치구	계	남자	여자	계	남자	여자	계	남자	여자	계	남자	여자	계	남자	여자	계	남자	여자	계	남자	여자	계	남자	여자	계	남자	여자	계	남자	여자	계	남자	여자	계	남자	여자	계	남자	여자	계	여자	계	남자	여자	계	남자	여자	계	남자	여자	계	남자	여자
2017	합계	42,932	24,135	18,797	1,063	579	484	13,122	8,106	5,016	105	45	60	1,428	781	647	646	347	299	1,864	786	1,078	8,780	4,573	4,207	4,275	2,480	1,795	1,721	1,120	601	58	24	34	244	64	180	1,109	513	596	4	4	81	51	30	52	32	20	4,254	1,788	2,466	4,126	2,846	1,280
2017	종로구	826	478	348	25	17	8	262	161	101	3	3	-	25	18	7	10	6	4	28	9	19	172	95	77	79	51	28	29	17	12	1	1	-	3	1	2	23	12	11	-	-	-	-	-	1	-	1	87	31	56	78	56	22
2017	중구	684	384	300	17	8	9	197	128	69	1	-	1	16	11	5	13	8	5	29	10	19	154	75	79	78	52	26	35	26	9	-	-	-	2	-	2	12	1	11	-	-	3	2	1	1	-	1	70	26	44	56	37	19
2017	용산구	1,150	662	488	39	23	16	356	212	144	3	2	1	37	19	18	21	10	11	49	22	27	226	128	98	128	83	45	34	20	14	-	-	-	6	3	3	31	11	20	-	-	4	2	2	1	-	1	112	52	60	103	75	28
2017	성동구	1,399	797	602	40	17	23	408	253	155	1	-	1	35	22	13	23	11	12	58	24	34	260	139	121	173	96	77	66	44	22	1	1	-	4	1	3	32	14	18	-	-	1	-	1	4	3	1	153	70	83	140	102	38
2017	광진구	1,346	781	565	44	24	20	430	277	153	7	2	5	33	15	18	20	11	9	49	19	30	276	155	121	136	85	51	43	28	15	1	-	1	9	2	7	39	24	15	-	-	2	1	1	-	-	-	123	43	80	134	95	39
2017	동대문구	1,780	1,053	727	61	33	28	508	323	185	4	3	1	51	28	23	31	17	14	69	29	40	369	220	149	228	135	93	77	47	30	2	-	2	7	1	6	48	21	27	-	-	3	3	-	1	-	1	179	77	102	142	116	26
2017	중랑구	2,068	1,206	862	53	28	25	612	407	205	4	-	4	58	29	29	28	21	7	83	28	55	355	189	166	255	136	119	82	62	20	4	2	2	11	3	8	52	21	31	-	-	4	3	1	-	-	-	249	121	128	218	156	62
2017	성북구	2,097	1,166	931	65	34	31	602	364	238	6	1	5	77	40	37	29	19	10	86	44	42	459	245	214	261	147	114	67	43	24	3	1	2	14	5	9	45	17	28	-	-	2	2	-	3	2	1	196	76	120	182	126	56
2017	강북구	1,873	1,135	738	52	34	18	597	399	198	3	1	2	62	35	27	16	12	4	50	21	29	313	176	137	226	137	89	93	66	27	2	-	2	16	4	12	58	29	29	-	-	4	2	2	-	-	-	217	101	116	164	118	46
2017	도봉구	1,739	989	750	40	23	17	542	348	194	4	3	1	66	38	28	31	13	18	80	32	48	333	169	164	166	100	66	79	50	29	3	-	3	8	2	6	44	18	26	-	-	-	-	-	3	2	1	145	65	80	195	126	69
2017	노원구	2,645	1,436	1,209	69	29	40	805	477	328	6	3	3	110	60	50	46	17	29	119	45	74	520	249	271	238	141	97	117	78	39	5	3	2	18	6	12	80	40	40	-	-	3	2	1	2	1	1	257	109	148	250	176	74
2017	은평구	2,403	1,388	1,015	63	32	31	735	442	293	3	2	1	70	41	29	34	17	17	89	40	49	539	304	235	242	156	86	108	70	38	1	-	1	11	2	9	59	26	33	1	1	2	1	1	1	-	1	214	89	125	231	166	65
2017	서대문구	1,507	880	627	24	14	10	475	317	158	1	-	1	60	28	32	19	8	11	67	32	35	320	169	151	146	85	61	66	46	20	3	2	1	9	2	7	51	26	25	-	-	-	-	-	1	1	-	139	62	77	126	88	38
2017	마포구	1,533	855	678	37	22	15	473	275	198	-	-	-	42	29	13	14	11	3	74	32	42	318	165	153	134	79	55	61	40	21	3	2	1	9	4	5	46	25	21	1	1	5	3	2	1	1	-	169	77	92	146	90	56
2017	양천구	1,805	957	848	43	23	20	554	344	210	4	-	4	49	22	27	23	14	9	98	37	61	373	158	215	154	85	69	70	36	34	1	1	-	14	2	12	55	24	31	-	-	1	1	-	1	1	-	182	75	107	183	134	49
2017	강서구	2,574	1,367	1,207	39	22	17	774	457	317	5	5	-	88	46	42	37	18	19	129	52	77	581	276	305	191	116	75	92	57	35	6	4	2	17	4	13	61	19	42	-	-	3	3	-	3	2	1	295	124	171	253	162	91
2017	구로구	1,749	978	771	35	15	20	540	344	196	6	3	3	60	33	27	38	20	18	82	36	46	375	199	176	159	90	69	56	36	20	3	2	1	16	2	14	51	24	27	-	-	6	2	4	-	-	-	135	48	87	187	124	63
2017	금천구	1,167	688	479	29	21	8	322	203	119	4	-	4	42	28	14	20	14	6	61	25	36	261	148	113	101	56	45	63	42	21	-	-	-	9	2	7	22	13	9	-	-	5	5	-	5	3	2	104	46	58	119	82	37
2017	영등포구	1,560	915	645	29	17	12	489	315	174	8	3	5	63	38	25	32	25	7	62	24	38	357	185	172	140	85	55	72	50	22	4	2	2	13	4	9	42	21	21	1	1	4	-	4	1	-	1	97	41	56	146	105	41
2017	동작구	1,641	934	707	39	21	18	525	338	187	2	-	2	44	24	20	8	5	3	63	26	37	326	167	159	160	91	69	61	40	21	5	-	5	5	1	4	40	23	17	-	-	6	2	4	4	3	1	199	93	106	154	100	54
2017	관악구	2,068	1,168	900	44	25	19	654	378	276	7	3	4	83	42	41	41	27	14	83	40	43	448	248	200	168	98	70	93	59	34	1	-	1	11	3	8	45	25	20	-	-	2	2	-	4	2	2	186	70	116	198	146	52
2017	서초구	1,446	755	691	30	16	14	454	267	187	4	2	2	44	25	19	20	7	13	79	29	50	245	127	118	143	85	58	44	26	18	2	1	1	10	2	8	43	17	26	-	-	8	3	5	4	1	3	190	66	124	126	81	45
2017	강남구	1,756	929	827	39	22	17	541	308	233	7	3	4	83	46	37	32	10	22	93	45	48	345	179	166	165	84	81	46	28	18	1	-	1	7	3	4	38	16	22	-	-	7	7	-	8	8	-	180	72	108	164	98	66
2017	송파구	2,239	1,187	1,052	59	34	25	702	412	290	5	3	2	68	37	31	36	18	18	101	48	53	439	203	236	221	115	106	86	51	35	4	2	2	7	2	5	38	15	23	-	-	3	3	-	2	1	1	224	86	138	244	157	87
2017	강동구	1,877	1,047	830	48	25	23	565	357	208	7	3	4	62	27	35	24	8	16	83	37	46	416	205	211	183	92	91	81	58	23	2	-	2	8	3	5	54	31	23	1	1	3	2	1	1	1	-	152	68	84	187	130	57